1        ILE      0                       0.011989569863569097    0.4243014257443366     
2        ARG      0                       0.0007365476550292642   0.7362471214600868     
3        PRO      0                       0.01161471213006234     0.7032810604238177     
4        TYR      0                       0                       0.6698084410958989     
5        MET      0.38995403749473134     0.0017117640740429581   0.15825986221475707    
6        LYS      0                       0                       0.453172006684784      
7        ALA      0                       0                       0.38877739054457544    
8        LEU      0.38974183067349355     0.0015698841844259453   0.18159012984405346    
9        ILE      0.5135140279178986      0.00021399745042042164  0.0                    
10       TYR      0.2527122259604342      0.00010541316392081329  0.27288790208703456    
11       GLU      0                       0.00031289289371817596  0.4827242612953369     
12       THR      0.4988297818427357      0.1123850076297527      0.054397934366644494   
13       LEU      0.5584260160005197      0.0005266639864656801   0.0010022252659389222  
14       VAL      0                       0.00021880615402678025  0.28023245132279034    
15       ASN      0.216705131626763       0.00031289289371817596  0.26827139693874574    
16       LEU      0.5404329876745437      0                       0.008863550245321903   
17       ALA      0                       0.4741424742646091      0.14658645005627613    
18       ASN      0                       0                       0.6592447575743575     
19       GLN      0                       0.008411041793774382    0.42587525687696004    
20       ASP      0                       0.05689053539192705     0.49653772164965176    
21       PRO      0                       0.08746171322739299     0.5579236892831765     
22       GLU      0                       0                       0.7638087514406839     
23       GLN      0                       0.021612857840944768    0.3370264348246374     
24       HIS      0.4872305529552281      2.067278645319878e-05   0.06975492744458824    
25       ALA      0                       0                       0.4484291582016451     
26       THR      0                       0                       0.6021376259140767     
27       ILE      0.36110526215839067     0.008373462427292859    0.15957526387474152    
28       ARG      0                       0.0008628080322888254   0.2069130543664662     
29       GLN      0                       0.028172120835844673    0.4615248970734413     
30       ASN      0                       0                       0.438755397134994      
31       LEU      0.5487234144906373      3.106090474797501e-05   0.008377198893368316   
32       TYR      0.42594593571467365     0.022225343612338373    0.11072180962407625    
33       GLU      0                       0.02946294035474261     0.6112210319938399     
34       GLN      0                       0.00783913064269034     0.48540269379525985    
35       LEU      0.4026772619227168      0.030449575537461627    0.12182869646135215    
36       ASP      0                       0                       0.7583399998660624     
37       LEU      0.39409922356093924     0.0862008267418809      0.13143333434499482    
38       PRO      0                       0.01145011370933264     0.5154639905928139     
39       PHE      0                       0                       0.6489668480201062     
40       ASP      0                       0.010823174110853418    0.5384528961116057     
41       LYS      0.3118501319221037      1.0366631903852151e-05  0.19543649097758217    
42       GLN      0.28417024356031123     0                       0.2220295107961983     
43       LEU      0                       0                       0.4628144684799898     
44       ALA      0.28853286087042385     0                       0.21137292336863236    
45       LEU      0.5430407891124504      0                       0.0                    
46       TYR      0                       0.020591634194522004    0.4054496159437534     
47       ALA      0                       0                       0.49676833378574103    
48       GLY      0                       0.0015200079454053958   0.3293101803500819     
49       ALA      0.5534171975808628      0.000185513513267714    0.0                    
50       LEU      0.5580990637359272      0.0034072531279996047   8.076801613693605e-05  
51       GLY      0.3745944748200835      0                       0.13920147755352455    
52       PRO      0.3326729886193923      0.009479159939500194    0.17807410146675717    
53       ALA      0.5199028793469055      0                       0.006315684498458363   
54       SER      0.3256060432322233      0.05715550863897677     0.2237710062844979     
55       SER      0                       0.007537897492616514    0.5134119391923115     
56       GLY      0                       0.004784841504492254    0.3316089894242069     
57       LYS      0                       0.012502153063802889    0.6803246568038852     
58       LEU      0.38758114968300705     0.005319857308434496    0.11243684473483125    
59       GLU      0                       0.1601961489070863      0.4795453073471572     
60       ASN      0                       0                       0.4857292035991822     
61       HIS      0                       0.00010541316392081329  0.6630155531222471     
62       GLU      0                       0                       0.6212648038148235     
63       ALA      0                       0                       0.2730843636186234     
64       ILE      0.5005715869279788      0.004415214246450718    0.043399678130568456   
65       SER      0                       0                       0.2417196263113593     
66       ASN      0                       0                       0.45318179918251883    
67       ALA      0.3998873626398144      0                       0.10130818828459379    
68       VAL      0.540120813044947       0.009474183491901676    0.005113308464963614   
69       ASP      0                       0                       0.4543864436979048     
70       SER      0                       0.01458071073429551     0.42452823358535796    
71       VAL      0.527881718393253       0                       0.010819622671276643   
72       VAL      0.42534775238426137     0.02089576988975362     0.1086839884367173     
73       GLN      0                       0                       0.5952315064570216     
74       LEU      0                       0                       0.5346916872492837     
75       LEU      0.45806853711035633     4.890746809797047e-05   0.056229052830191376   
76       GLU      0                       0.005592511711261269    0.4584598426097559     
77       ILE      0                       1.0366631903852151e-05  0.8258608846724604     
